NOM_RBD,NOM_DEPE,ALUMNOS.NO_VULNERABLES,VULNERABLES,MAT_NO_VULNERABLES,MAT_VULNERABLES,ALUMNOS.TOTAL,MAT_TOTAL
LICEO GABRIELA MISTRAL DE TEMUCO,Municipal DAEM,97,149,69,176,246,245
LICEO PABLO NERUDA,Municipal DAEM,84,116,90,109,200,199
ESCUELA ARTURO PRAT,Municipal DAEM,148,262,83,327,410,410
ESCUELA LLAIMA,Municipal DAEM,602,326,714,213,928,927
ESCUELA CAMPOS DEPORTIVOS,Municipal DAEM,317,471,566,221,788,787
ESCUELA SANTA ROSA,Municipal DAEM,66,177,45,197,243,242
ESCUELA STANDAR,Municipal DAEM,57,163,69,150,220,219
ESCUELA MILLARAY,Municipal DAEM,139,145,209,75,284,284
ESCUELA VILLA ALEGRE,Municipal DAEM,27,102,69,59,129,128
COLEGIO MUNDO MAGICO,Municipal DAEM,450,255,311,393,705,704
ESCUELA MANUEL RECABARREN,Municipal DAEM,80,178,28,230,258,258
COMPLEJO EDUC. UN AMANECER EN LA ARAUCANIA,Municipal DAEM,78,183,26,234,261,260
ESCUELA ANDRES BELLO,Municipal DAEM,85,148,56,176,233,232
ESCUELA MUNICIPAL EL TRENCITO,Municipal DAEM,14,37,6,45,51,51
ESCUELA ALONSO DE ERCILLA,Municipal DAEM,252,326,82,495,578,577
ESCUELA PEDRO DE VALDIVIA,Municipal DAEM,49,180,151,77,229,228
ESCUELA VILLA CAROLINA,Municipal DAEM,69,230,96,202,299,298
ESCUELA LOS TRIGALES,Municipal DAEM,306,195,403,98,501,501
ESCUELA LABRANZA,Municipal DAEM,72,180,32,219,252,251
ESCUELA LOS AVELLANOS,Municipal DAEM,58,143,23,177,201,200
COLEGIO PROVIDENCIA DE TEMUCO,Particular Subvencionado,166,158,220,103,324,323
LICEO ADVENTISTA DE TEMUCO,Particular Subvencionado,335,265,400,199,600,599
ESCUELA BASICA VISTA VERDE,Particular Subvencionado,61,232,110,182,293,292
ESCUELA PARTICULAR MADRE ADMIRABLE,Particular Subvencionado,180,115,170,124,295,294
LICEO AUGUSTO WINTER,Particular Subvencionado,170,166,168,167,336,335
ESCUELA PARTICULAR ESTRELLA DE BELEN,Particular Subvencionado,14,55,7,61,69,68
LICEO CAMILO HENRIQUEZ DE TEMUCO,Particular Subvencionado,463,151,582,32,614,614
ESCUELA PARTICULAR EL ROBLE,Particular Subvencionado,36,143,172,7,179,179
ESCUELA PARTICULAR ALIANZA,Particular Subvencionado,32,113,71,73,145,144
ESC.PART.SAN FRANCISCO DE ASIS DE TEMUCO,Particular Subvencionado,415,217,378,253,632,631
COLEGIO SAN FRANCISCO,Particular Subvencionado,352,143,340,155,495,495
LICEO POLITECNICO PUEBLO NUEVO,Particular Subvencionado,23,41,32,31,64,63
INSTITUTO CLARET,Particular Subvencionado,1077,972,571,1477,2049,2048
ESCUELA PARTICULAR LA ESPIGA,Particular Subvencionado,19,152,155,15,171,170
ESCUELA PART. WENCESLAO VALDIVIA,Particular Subvencionado,9,70,7,71,79,78
ESCUELA PARTICULAR LAS AMERICAS,Particular Subvencionado,94,388,351,130,482,481
ESCUELA PARTICULAR FRANCIA,Particular Subvencionado,186,138,69,255,324,324
ESCUELA PARTICULAR ARAUCANIA,Particular Subvencionado,69,184,63,189,253,252
ESCUELA PARTICULAR ARTURO ARRIAGADA,Particular Subvencionado,20,65,23,61,85,84
ESCUELA Y LICEO MONTESSORI,Particular Subvencionado,498,131,270,358,629,628
LICEO TECNICO PROF. CENTENARIO,Particular Subvencionado,86,379,0,0,465,0
ESCUELA PARTICULAR VILLA IRMA,Particular Subvencionado,49,187,68,167,236,235
ESCUELA PARTICULAR SAN JUAN,Particular Subvencionado,69,279,137,210,348,347
LICEO PARTICULAR NAZARETH,Particular Subvencionado,17,91,84,23,108,107
ESCUELA PARTICULAR LOS TRIGALES,Particular Subvencionado,16,82,87,10,98,97
ESCUELA PART.SANTA MARIA DE LA RIBERA,Particular Subvencionado,81,176,135,121,257,256
ESCUELA PARTICULAR CLAUDIO MATTE,Particular Subvencionado,131,350,440,40,481,480
ESCUELA PARTICULAR ARAUCANIA,Particular Subvencionado,112,211,150,172,323,322
COLEGIO PARTICULAR I. CULTURA BRITANICA,Particular Subvencionado,96,140,94,141,236,235
ESCUELA PARTICULAR PAPELUCHO,Particular Subvencionado,32,37,38,30,69,68
COLEGIO MANUEL MONTT,Particular Subvencionado,94,258,71,280,352,351
ESCUELA PARTICULAR MONO PAINE,Particular Subvencionado,22,202,156,67,224,223
ESCUELA PARTICULAR SIGLO XXI,Particular Subvencionado,332,197,425,103,529,528
COLEGIO BAUTISTA,Particular Pagado,511,26,396,140,537,536
COLEGIO DE LA SALLE,Particular Pagado,263,23,185,100,286,285
COLEGIO ALEMAN,Particular Pagado,532,8,485,54,540,539
COLEGIO METODISTA,Particular Subvencionado,272,48,103,217,320,320
COLEGIO SANTA CRUZ,Particular Subvencionado,437,94,78,452,531,530
COLEGIO CENTENARIO,Particular Subvencionado,404,41,237,207,445,444
COLEGIO LATINOAMERICANO,Particular Subvencionado,4,34,10,27,38,37
ESCUELA EPU NEWEN,Particular Subvencionado,43,87,0,0,130,0
ESCUELA PARTICULAR ALFA Y OMEGA,Particular Subvencionado,66,80,139,6,146,145
COLEGIO ANTUMALEN,Particular Subvencionado,6,7,9,3,13,12
ESCUELA NRO 15  AMI,Particular Subvencionado,20,131,14,136,151,150
GREEN HOUSE SCHOOL,Particular Pagado,485,8,456,38,493,494
COLEGIO NUEVA CONCEPCION,Particular Subvencionado,210,38,228,19,248,247
ESCUELA BASICA PARTICULAR EMPRENDER,Particular Subvencionado,264,375,233,405,639,638
COLEGIO DE APLICACION,Particular Subvencionado,213,359,341,230,572,571
ESCUELA ARTISTICA ARMANDO DUFEY BLANC,Municipal DAEM,399,175,326,248,574,574
SUN FLOWER SCHOOL,Particular Subvencionado,145,150,138,156,295,294
ESCUELA GRACIA Y PAZ,Particular Subvencionado,149,125,226,47,274,273
ESCUELA ESPECIAL HOSPITALARIA TEMUCO,Particular Subvencionado,4,10,2,11,14,13
COLEGIO SCOLE CREARE,Particular Subvencionado,406,71,456,20,477,476
COLEGIO GOLDEN SCHOOL,Particular Subvencionado,95,60,136,18,155,154
COLEGIO BETANIA,Particular Subvencionado,84,142,138,87,226,225
COLEGIO INNOV-ARTE,Particular Subvencionado,413,184,369,227,597,596
ESCUELA PART. APRENDIENDO A VIVIR,Particular Subvencionado,77,90,58,108,167,166
COLEGIO PUMAHUE,Particular Pagado,316,20,323,13,336,336
LICEO HUMANISTA CIENTIFICO BRAINSTORM,Particular Subvencionado,235,129,157,206,364,363
LICEO PARTICULAR JAN COMENIUS,Particular Subvencionado,52,44,47,48,96,95
GEORGE CHAYTOR ENGLISH COLLEGE,Particular Pagado,442,18,445,14,460,459
COLEGIO CONGREGACIÃN OLIVOS,Particular Subvencionado,24,37,31,29,61,60
LICEO BICENTENARIO DE TEMUCO,Municipal DAEM,67,52,48,70,119,118
COLEGIO LOS ROBLES,Particular Subvencionado,94,240,31,302,334,333
COLEGIO FOR LIFE,Particular Subvencionado,167,118,138,146,285,284
COLEGIO NEWHARVEST,Particular Subvencionado,205,327,290,241,532,531
COLEGIO SAINT PATRICK SCHOOL,Particular Subvencionado,420,67,418,69,487,487
ESCUELA PART. TEMUCO COLLEGE,Particular Subvencionado,138,28,125,40,166,165
COLEGIO HEBREO,Particular Subvencionado,88,52,119,20,140,139
COLEGIO PARTICULAR EXCELSIOR,Particular Subvencionado,1,6,3,3,7,6
LICEO CUMBRES DE LABRANZA,Particular Subvencionado,321,408,139,167,729,306
