NOM_RBD,NOM_DEPE,ALUMNOS.NO_VULNERABLES,ALUMNOS.VULNERABLES,MAT_NO_VULNERABLES,MAT_VULNERABLES,DIFERENCIA_VULNERABLES,DIFERENCIA_NO_VULNERABLES,DIFERENCIA_TOTAL,ALUMNOS.TOTAL,MAT_TOTAL
LICEO GABRIELA MISTRAL DE TEMUCO,Municipal DAEM,97,149,30,219,-70,67,-3,246,249
LICEO PABLO NERUDA,Municipal DAEM,84,116,19,182,-66,65,-1,200,201
ESCUELA ARTURO PRAT,Municipal DAEM,148,262,14,395,-133,134,1,410,409
ESCUELA LLAIMA,Municipal DAEM,602,326,907,24,302,-305,-3,928,931
ESCUELA CAMPOS DEPORTIVOS,Municipal DAEM,317,471,763,32,439,-446,-7,788,795
ESCUELA SANTA ROSA,Municipal DAEM,66,177,0,246,-69,66,-3,243,246
ESCUELA STANDAR,Municipal DAEM,57,163,3,216,-53,54,1,220,219
ESCUELA MILLARAY,Municipal DAEM,139,145,279,5,140,-140,0,284,284
ESCUELA VILLA ALEGRE,Municipal DAEM,27,102,127,5,97,-100,-3,129,132
COLEGIO MUNDO MAGICO,Municipal DAEM,450,255,651,56,199,-201,-2,705,707
ESCUELA MANUEL RECABARREN,Municipal DAEM,80,178,256,1,177,-176,1,258,257
COMPLEJO EDUC. UN AMANECER EN LA ARAUCANIA,Municipal DAEM,78,183,249,11,172,-171,1,261,260
ESCUELA ANDRES BELLO,Municipal DAEM,85,148,95,138,10,-10,0,233,233
ESCUELA MUNICIPAL EL TRENCITO,Municipal DAEM,14,37,0,57,-20,14,-6,51,57
ESCUELA ALONSO DE ERCILLA,Municipal DAEM,252,326,2,577,-251,250,-1,578,579
ESCUELA PEDRO DE VALDIVIA,Municipal DAEM,49,180,207,23,157,-158,-1,229,230
ESCUELA VILLA CAROLINA,Municipal DAEM,69,230,297,4,226,-228,-2,299,301
ESCUELA LOS TRIGALES,Municipal DAEM,306,195,499,2,193,-193,0,501,501
ESCUELA LOS AVELLANOS,Municipal DAEM,58,143,146,54,89,-88,1,201,200
COLEGIO PROVIDENCIA DE TEMUCO,Particular Subvencionado,166,158,8,319,-161,158,-3,324,327
LICEO ADVENTISTA DE TEMUCO,Particular Subvencionado,335,265,597,2,263,-262,1,600,599
ESCUELA BASICA VISTA VERDE,Particular Subvencionado,61,232,290,2,230,-229,1,293,292
ESCUELA PARTICULAR MADRE ADMIRABLE,Particular Subvencionado,180,115,1,298,-183,179,-4,295,299
LICEO AUGUSTO WINTER,Particular Subvencionado,170,166,6,330,-164,164,0,336,336
ESCUELA PARTICULAR ESTRELLA DE BELEN,Particular Subvencionado,14,55,1,69,-14,13,-1,69,70
LICEO CAMILO HENRIQUEZ DE TEMUCO,Particular Subvencionado,463,151,605,12,139,-142,-3,614,617
ESCUELA PARTICULAR EL ROBLE,Particular Subvencionado,36,143,181,1,142,-145,-3,179,182
ESCUELA PARTICULAR ALIANZA,Particular Subvencionado,32,113,0,147,-34,32,-2,145,147
ESC.PART.SAN FRANCISCO DE ASIS DE TEMUCO,Particular Subvencionado,415,217,528,106,111,-113,-2,632,634
COLEGIO SAN FRANCISCO,Particular Subvencionado,352,143,183,311,-168,169,1,495,494
LICEO POLITECNICO PUEBLO NUEVO,Particular Subvencionado,23,41,0,65,-24,23,-1,64,65
INSTITUTO CLARET,Particular Subvencionado,1077,972,41,2010,-1038,1036,-2,2049,2051
ESCUELA PARTICULAR LA ESPIGA,Particular Subvencionado,19,152,143,32,120,-124,-4,171,175
ESCUELA PART. WENCESLAO VALDIVIA,Particular Subvencionado,9,70,0,82,-12,9,-3,79,82
ESCUELA PARTICULAR LAS AMERICAS,Particular Subvencionado,94,388,474,8,380,-380,0,482,482
ESCUELA PARTICULAR FRANCIA,Particular Subvencionado,186,138,15,315,-177,171,-6,324,330
ESCUELA PARTICULAR ARTURO ARRIAGADA,Particular Subvencionado,20,65,83,1,64,-63,1,85,84
ESCUELA Y LICEO MONTESSORI,Particular Subvencionado,498,131,85,546,-415,413,-2,629,631
ESCUELA PARTICULAR VILLA IRMA,Particular Subvencionado,49,187,233,2,185,-184,1,236,235
ESCUELA PARTICULAR SAN JUAN,Particular Subvencionado,69,279,0,351,-72,69,-3,348,351
LICEO PARTICULAR NAZARETH,Particular Subvencionado,17,91,99,12,79,-82,-3,108,111
ESCUELA PARTICULAR LOS TRIGALES,Particular Subvencionado,16,82,94,8,74,-78,-4,98,102
ESCUELA PART.SANTA MARIA DE LA RIBERA,Particular Subvencionado,81,176,3,253,-77,78,1,257,256
ESCUELA PARTICULAR CLAUDIO MATTE,Particular Subvencionado,131,350,479,2,348,-348,0,481,481
COLEGIO PARTICULAR I. CULTURA BRITANICA,Particular Subvencionado,96,140,6,238,-98,90,-8,236,244
ESCUELA PARTICULAR PAPELUCHO,Particular Subvencionado,32,37,0,69,-32,32,0,69,69
COLEGIO MANUEL MONTT,Particular Subvencionado,94,258,3,352,-94,91,-3,352,355
ESCUELA PARTICULAR MONO PAINE,Particular Subvencionado,22,202,224,3,199,-202,-3,224,227
ESCUELA PARTICULAR SIGLO XXI,Particular Subvencionado,332,197,227,304,-107,105,-2,529,531
COLEGIO BAUTISTA,Particular Pagado,511,26,220,318,-292,291,-1,537,538
COLEGIO DE LA SALLE,Particular Pagado,263,23,12,273,-250,251,1,286,285
COLEGIO ALEMAN,Particular Pagado,532,8,499,45,-37,33,-4,540,544
COLEGIO METODISTA,Particular Subvencionado,272,48,16,304,-256,256,0,320,320
COLEGIO SANTA CRUZ,Particular Subvencionado,437,94,1,531,-437,436,-1,531,532
COLEGIO CENTENARIO,Particular Subvencionado,404,41,344,101,-60,60,0,445,445
COLEGIO LATINOAMERICANO,Particular Subvencionado,4,34,0,38,-4,4,0,38,38
ESCUELA PARTICULAR ALFA Y OMEGA,Particular Subvencionado,66,80,153,1,79,-87,-8,146,154
COLEGIO ANTUMALEN,Particular Subvencionado,6,7,1,16,-9,5,-4,13,17
ESCUELA NRO 15  AMI,Particular Subvencionado,20,131,1,151,-20,19,-1,151,152
GREEN HOUSE SCHOOL,Particular Pagado,485,8,493,1,7,-8,-1,493,494
COLEGIO NUEVA CONCEPCION,Particular Subvencionado,210,38,245,7,31,-35,-4,248,252
COLEGIO DE APLICACION,Particular Subvencionado,213,359,570,4,355,-357,-2,572,574
ESCUELA ARTISTICA ARMANDO DUFEY BLANC,Municipal DAEM,399,175,565,13,162,-166,-4,574,578
ESCUELA GRACIA Y PAZ,Particular Subvencionado,149,125,103,175,-50,46,-4,274,278
ESCUELA ESPECIAL HOSPITALARIA TEMUCO,Particular Subvencionado,4,10,0,14,-4,4,0,14,14
COLEGIO SCOLE CREARE,Particular Subvencionado,406,71,469,8,63,-63,0,477,477
COLEGIO GOLDEN SCHOOL,Particular Subvencionado,95,60,157,0,60,-62,-2,155,157
COLEGIO BETANIA,Particular Subvencionado,84,142,2,225,-83,82,-1,226,227
COLEGIO INNOV-ARTE,Particular Subvencionado,413,184,593,3,181,-180,1,597,596
ESCUELA PART. APRENDIENDO A VIVIR,Particular Subvencionado,77,90,0,170,-80,77,-3,167,170
COLEGIO PUMAHUE,Particular Pagado,316,20,335,1,19,-19,0,336,336
LICEO HUMANISTA CIENTIFICO BRAINSTORM,Particular Subvencionado,235,129,351,12,117,-116,1,364,363
LICEO PARTICULAR JAN COMENIUS,Particular Subvencionado,52,44,81,14,30,-29,1,96,95
GEORGE CHAYTOR ENGLISH COLLEGE,Particular Pagado,442,18,460,0,18,-18,0,460,460
COLEGIO CONGREGACIÃN OLIVOS,Particular Subvencionado,24,37,0,62,-25,24,-1,61,62
LICEO BICENTENARIO DE TEMUCO,Municipal DAEM,67,52,58,62,-10,9,-1,119,120
COLEGIO FOR LIFE,Particular Subvencionado,167,118,269,15,103,-102,1,285,284
COLEGIO NEWHARVEST,Particular Subvencionado,205,327,1,530,-203,204,1,532,531
COLEGIO SAINT PATRICK SCHOOL,Particular Subvencionado,420,67,205,284,-217,215,-2,487,489
ESCUELA PART. TEMUCO COLLEGE,Particular Subvencionado,138,28,131,35,-7,7,0,166,166
COLEGIO HEBREO,Particular Subvencionado,88,52,102,38,14,-14,0,140,140
COLEGIO PARTICULAR EXCELSIOR,Particular Subvencionado,1,6,8,0,6,-7,-1,7,8
